Restricted license - for non-production use only - expires 2027-11-29
========================================================================
Scenario: Cyclic permutation x 4 (integer hose)
------------------------------------------------------------------------
Traffic matrix T (row sums = [4.0, 4.0, 4.0, 4.0, 4.0, 4.0, 4.0, 4.0]):
   0.00  4.00  0.00  0.00  0.00  0.00  0.00  0.00
   0.00  0.00  4.00  0.00  0.00  0.00  0.00  0.00
   0.00  0.00  0.00  4.00  0.00  0.00  0.00  0.00
   0.00  0.00  0.00  0.00  4.00  0.00  0.00  0.00
   0.00  0.00  0.00  0.00  0.00  4.00  0.00  0.00
   0.00  0.00  0.00  0.00  0.00  0.00  4.00  0.00
   0.00  0.00  0.00  0.00  0.00  0.00  0.00  4.00
   4.00  0.00  0.00  0.00  0.00  0.00  0.00  0.00

  alpha*  = 1.000000

Adjacency x (rows = source, cols = destination):
     0  1  2  3  4  5  6  7
 0:  0  4  0  0  0  0  0  0
 1:  0  0  4  0  0  0  0  0
 2:  0  0  0  4  0  0  0  0
 3:  0  0  0  0  4  0  0  0
 4:  0  0  0  0  0  4  0  0
 5:  0  0  0  0  0  0  4  0
 6:  0  0  0  0  0  0  0  4
 7:  4  0  0  0  0  0  0  0
   row sums (out-deg): [4, 4, 4, 4, 4, 4, 4, 4]
   col sums (in-deg) : [4, 4, 4, 4, 4, 4, 4, 4]
  total flow (sum |g|): 32.000
  edges carrying flow : 8 / 32
========================================================================
Scenario: Hose-uniform T_ij = 4/7
------------------------------------------------------------------------
Traffic matrix T (row sums = [4.0, 4.0, 4.0, 4.0, 4.0, 4.0, 4.0, 4.0]):
   0.00  0.57  0.57  0.57  0.57  0.57  0.57  0.57
   0.57  0.00  0.57  0.57  0.57  0.57  0.57  0.57
   0.57  0.57  0.00  0.57  0.57  0.57  0.57  0.57
   0.57  0.57  0.57  0.00  0.57  0.57  0.57  0.57
   0.57  0.57  0.57  0.57  0.00  0.57  0.57  0.57
   0.57  0.57  0.57  0.57  0.57  0.00  0.57  0.57
   0.57  0.57  0.57  0.57  0.57  0.57  0.00  0.57
   0.57  0.57  0.57  0.57  0.57  0.57  0.57  0.00

  alpha*  = 0.700000

Adjacency x (rows = source, cols = destination):
     0  1  2  3  4  5  6  7
 0:  0  1  1  1  0  0  1  0
 1:  0  0  1  0  1  1  1  0
 2:  1  0  0  0  1  1  0  1
 3:  1  1  1  0  0  0  0  1
 4:  0  1  0  1  0  0  1  1
 5:  0  1  1  1  0  0  1  0
 6:  1  0  0  0  1  1  0  1
 7:  1  0  0  1  1  1  0  0
   row sums (out-deg): [4, 4, 4, 4, 4, 4, 4, 4]
   col sums (in-deg) : [4, 4, 4, 4, 4, 4, 4, 4]
  total flow (sum |g|): 32.000
  edges carrying flow : 32 / 32
========================================================================
Scenario: Mixed matching + uniform background
------------------------------------------------------------------------
Traffic matrix T (row sums = [4.0, 1.0, 1.0, 1.0, 1.0, 4.0, 1.0, 1.0]):
   0.00  0.14  0.14  3.14  0.14  0.14  0.14  0.14
   0.14  0.00  0.14  0.14  0.14  0.14  0.14  0.14
   0.14  0.14  0.00  0.14  0.14  0.14  0.14  0.14
   0.14  0.14  0.14  0.00  0.14  0.14  0.14  0.14
   0.14  0.14  0.14  0.14  0.00  0.14  0.14  0.14
   0.14  0.14  3.14  0.14  0.14  0.00  0.14  0.14
   0.14  0.14  0.14  0.14  0.14  0.14  0.00  0.14
   0.14  0.14  0.14  0.14  0.14  0.14  0.14  0.00

  alpha*  = 1.000000

Adjacency x (rows = source, cols = destination):
     0  1  2  3  4  5  6  7
 0:  0  0  0  3  1  0  0  0
 1:  1  0  0  0  2  0  0  1
 2:  2  2  0  0  0  0  0  0
 3:  0  0  0  0  0  3  1  0
 4:  1  0  0  0  0  1  0  2
 5:  0  0  3  0  0  0  1  0
 6:  0  2  0  1  0  0  0  1
 7:  0  0  1  0  1  0  2  0
   row sums (out-deg): [4, 4, 4, 4, 4, 4, 4, 4]
   col sums (in-deg) : [4, 4, 4, 4, 4, 4, 4, 4]
  total flow (sum |g|): 24.000
  edges carrying flow : 19 / 32
